 1.00000000e+00 2.00000000e+00 7.00000000e+00
 3.00000000e+00 4.00000000e+00 8.00000000e+00
 5.00000000e+00 6.00000000e+00 9.00000000e+00
 0.00000000e+00 0.00000000e+00
 1.00000000e+00 2.00000000e+00
 7.00000000e+00
 8.00000000e+00
 9.00000000e+00
 1.00000000e+00 0.00000000e+00 0.00000000e+00 0.00000000e+00 0.00000000e+00
 0.00000000e+00 1.00000000e+00 0.00000000e+00 0.00000000e+00 0.00000000e+00
 0.00000000e+00 0.00000000e+00 1.00000000e+00 0.00000000e+00 0.00000000e+00
 0.00000000e+00 0.00000000e+00 0.00000000e+00 1.00000000e+00 0.00000000e+00
 0.00000000e+00 0.00000000e+00 0.00000000e+00 0.00000000e+00 1.00000000e+00
 -9.58966863e-01
 1.54614227e+00
 7.26903177e-01
 6.00000000e+00
 9.99000000e+02
 9.99000000e+02
 9.99000000e+02
 9.99000000e+02
 9.99000000e+02
 6.40000000e+01
 1.28000000e+02
 2.56000000e+02
 5.12000000e+02
 1.02400000e+03
